000000010
000000110
001100101
111100000
100000000
010100101
011100100
100011110
001100100
011100100
100000000
011100010
011110010
000010100
110100010
011110010
011100000
011000000
100000001
000000010
011100001
011000001
100000111
010100101
011101101
100011110
001101101
011101101
011110000
000101101
011101011
100000000
010100101
011101110
100000000
001101110
011101110
011110001
000101110
011101100
100000011
011101101
011111100
010100001
001101011
000101101
011100101
100000111
010100101
011101101
100010001
001101101
011101101
011110000
000101101
011101011
100000000
010100101
011101110
100000110
001101110
011101110
011110001
000101110
011101100
100000011
011101101
011111100
010100001
001101011
000101101
011100110
100000110
010100101
011101101
100001101
001101101
011101101
011110000
000101101
011101011
100000000
010100101
011101110
100000101
001101110
011101110
011110001
000101110
011101100
100000011
011101101
011111100
010100001
001101011
000101101
011100111
100000101
010100101
011101101
100001011
001101101
011101101
011110000
000101101
011101011
100000000
010100101
011101110
100000011
001101110
011101110
011110001
000101110
011101100
100000011
011101101
011111100
010100001
001101011
000101101
011101000
100000111
010100101
011101101
100011111
001101101
011101101
011110000
000101101
011101011
100000000
010100101
011101110
100000111
001101110
011101110
011110001
000101110
011101100
100000011
011101101
011111100
010100001
001101011
000101101
010100001
001100101
010100001
001100110
010100001
001100111
010100001
001101000
011101001
100011111
011101010
011111001
000101010
011101001
011110001
010100101
011101010
011110000
010101100
010100001
001101010
001100101
011101010
011110000
010100100
011101011
111000100
010101001
001101011
011101011
011110110
010100010
001100111
010100001
001101000
010100001
001101001
001101011
011101011
011110010
000000100
011100011
011111011
011010011
100000001
000000010
000000100
011100011
011111010
011010011
100000001
000000010
011100010
110100001
110000001
111100000
111100111

