000000100
000000101
010010000
001110100
001110111
001111011
001101101
001111110
100000000
011100010
100000000
010100101
011100101
100000001
001100101
011100101
100000000
010100101
011100110
100011110
001100110
011100110
011110010
000010110
110100010
011110010
010100001
000000110
011100000
011000000
011110010
010100001
000000110
000000101
011100001
011000001
100000000
011100011
011110001
010101101
011100110
011110000
111000011
010101011
011100101
011110000
010101101
010100001
001100101
011100101
011110001
010101001
010100100
001100101
011100101
011110000
111000100
010101001
011100111
011110000
010100101
010101101
001100111
011100111
011110001
010100111
010101011
001100111
011100111
100011111
011101001
100000111
010100101
011101100
100011110
001101100
011101100
011110101
000101100
011101010
100000000
010100101
011101101
100000000
001101101
011101101
011110110
000101101
011101011
100000011
011101100
011111011
010100001
001101010
000101100
010100100
011101000
100000111
010100101
011101100
100010001
001101100
011101100
011110101
000101100
011101010
100000000
010100101
011101101
100000110
001101101
011101101
011110110
000101101
011101011
100000011
011101100
011111011
010100001
001101010
000101100
010100011
001101000
011101000
100000110
010100101
011101100
100001101
001101100
011101100
011110101
000101100
011101010
100000000
010100101
011101101
100000101
001101101
011101101
011110110
000101101
011101011
100000011
011101100
011111011
010100001
001101010
000101100
010100010
001101000
011101000
100000101
010100101
011101100
100001011
001101100
011101100
011110101
000101100
011101010
100000000
010100101
011101101
100000011
001101101
011101101
011110110
000101101
011101011
100000011
011101100
011111011
010100001
001101010
000101100
010100001
001101000
011101000
100000111
010100101
011101100
100011111
001101100
011101100
011110101
000101100
011101010
100000000
010100101
011101101
100000111
001101101
011101101
011110110
000101101
011101011
100000011
011101100
011111011
010100001
001101010
000101100
001101000
000101001
001101000
011101000
011111000
001000111
011100101
010101001
011100110
110100111
011110101
111000000
110000110
100000010
011100011
110000111
100000001
011100011
100001000
011100111
011110110
000010111
111000111
110100011
100000001
010110110
011101000
100000000
011101001
110000100
100000001
011100110
010110110
011101001
100000000
011101000
011110000
001001000
011100000
011110001
001001001
011100001
110000111
111100000
011110101
111000000
110100111
100000001
011100011
111100000
011110001
010101101
011101000
011110000
111000011
010101011
011100111
011110000
010101101
010100001
001100111
011100111
011110001
010101001
010100100
001100111
011100111
011110010
010100001
011100100
011110111
011010100
011110010
010100001
000000001
011100100
011110011
010100110
001101000
011010100
100000001
000000010
011100010
110100001
110000001
111100000
111100111

