000000000
000100110
000101010
000101010
000101100
111100000
100000000
010100101
011100000
100000001
001100000
011100000
100000000
010100101
011100001
100000100
001100001
011100001
100000001
010100101
011100010
100000000
001100010
011100010
100000111
010100101
011100011
100011011
001100011
011100011
100000000
010100101
011100100
100000000
001100100
011100100
100000000
010100101
011100101
100000000
001100101
011100101
100000000
010100101
011100110
100000000
001100110
011100110
100000000
010100101
011101000
100000000
001101000
011101000
100100001
011100007
011010007
100100010
011100007
011010007
100100011
011100007
011010007
111100000
011110100
011100007
011000007
100000000
010100101
011101001
100000000
001101001
011101001
000001001
000010001
110000010
111100000
000000100
000010010
110000010
111100000
000000110
000010011
110000100
111100000
100100001
011100007
011010007
100100010
011100007
011010007
100100011
011100007
011010007
111100111

